10.028160 0.004857
10.064416 0.028597
10.097748 0.029241
10.154639 0.038683
10.177800 0.051978
10.208968 0.029577
11.029649 0.028897
11.066185 0.029097
11.101484 0.029297
11.153354 0.030784
11.187828 0.030903
12.030169 0.029337
12.086497 0.048730
12.096444 0.048531
12.138480 0.028917
12.172068 0.028977
13.030329 0.029117
13.066685 0.029017
13.100564 0.029097
13.164530 0.052880
13.174797 0.039144
14.029689 0.028917
14.065965 0.028837
14.105564 0.029517
14.170662 0.052731
14.181009 0.039044
15.030509 0.029397
15.077290 0.039063
15.101147 0.053054
15.158881 0.048650
15.168708 0.048451
16.029889 0.028557
16.086657 0.048670
16.098370 0.050537
16.136313 0.030604
16.180261 0.029117
17.029829 0.028997
17.085517 0.048290
17.097790 0.050737
17.157809 0.052480
17.167676 0.038384
18.029989 0.029057
18.087377 0.049110
18.097664 0.049371
18.134700 0.028877
18.164648 0.028737
19.030489 0.029357
19.087297 0.048850
19.099130 0.050857
19.149185 0.042936
19.171260 0.040897
20.030429 0.029577
20.087097 0.049010
20.097144 0.049211
20.159587 0.050555
20.171820 0.052943
21.030009 0.028937
21.076510 0.039143
21.096648 0.049175
21.161234 0.050655
21.173167 0.052743
22.029949 0.028857
22.066125 0.028597
22.100524 0.029137
22.141790 0.030554
22.175264 0.031043
23.030029 0.029137
23.066705 0.028937
23.103924 0.028697
23.170210 0.052860
23.180197 0.038884
24.029889 0.029017
24.066345 0.028697
24.099793 0.028997
24.169320 0.041634
24.193665 0.054828
25.029669 0.028897
25.066605 0.028937
25.100173 0.029217
25.145515 0.031043
25.176603 0.028957
26.029809 0.029037
26.076490 0.038683
26.100476 0.052783
26.159376 0.051095
26.170829 0.052383
27.030349 0.029137
27.066885 0.028537
27.110280 0.028957
27.147196 0.028797
27.177144 0.028757
28.030069 0.029117
28.065985 0.028497
28.104940 0.029217
28.134728 0.028677
28.165001 0.028861
29.030429 0.029177
29.066785 0.028677
29.096653 0.028697
29.137528 0.030634
29.170706 0.031127
30.030209 0.028917
30.076610 0.038883
30.122253 0.074300
30.132140 0.038704
30.165185 0.030914
31.029709 0.028937
31.086217 0.048850
31.098430 0.051157
31.148483 0.040547
31.172708 0.052823
32.029729 0.028917
32.076266 0.038838
32.112463 0.054899
32.133563 0.039902
32.164791 0.028597
33.030209 0.029377
33.091311 0.053043
33.101158 0.052785
33.150959 0.038403
33.171857 0.049415
34.030329 0.029297
34.076770 0.038663
34.113097 0.065164
34.135138 0.040862
34.165406 0.029097
35.029929 0.028897
35.076570 0.038923
35.100387 0.052394
35.148154 0.042624
35.173297 0.043844
36.030349 0.029437
36.067885 0.029317
36.099673 0.029277
36.149368 0.028877
36.180196 0.028697
37.030349 0.029357
37.066205 0.028617
37.097417 0.028921
37.162971 0.050136
37.172838 0.049957
38.030189 0.029337
38.067185 0.029037
38.106950 0.028917
38.147255 0.028757
38.178243 0.028977
39.029969 0.028877
39.066785 0.028617
39.149105 0.068802
39.161058 0.070850
39.170926 0.070851
40.029529 0.028697
40.066905 0.029337
40.096593 0.028517
40.160281 0.050715
40.172554 0.053003
41.030849 0.029517
41.076990 0.038903
41.123363 0.075290
41.133290 0.038664
41.180044 0.029337
42.029769 0.028677
42.076390 0.038923
42.100867 0.053454
42.138908 0.028497
42.177704 0.028897
43.029789 0.028597
43.086057 0.048570
43.095924 0.048531
43.133433 0.028597
43.163721 0.028817
44.029589 0.028757
44.085357 0.048510
44.095204 0.048391
44.145690 0.040960
44.169527 0.054971
45.030349 0.029097
45.067145 0.028757
45.102984 0.028937
45.167777 0.050487
45.177704 0.050528
46.029529 0.028477
46.066145 0.028697
46.096413 0.029137
46.165970 0.048850
46.176217 0.049111
47.030069 0.028837
47.066605 0.028677
47.101433 0.029017
47.164034 0.038903
47.188611 0.053434
48.030329 0.029337
48.087397 0.048590
48.097664 0.048811
48.135140 0.028917
48.165448 0.029197
49.029709 0.028837
49.086757 0.049150
49.096784 0.048911
49.158722 0.053031
49.170915 0.041030
50.030069 0.029157
50.066305 0.028737
50.119792 0.041124
50.140612 0.039642
50.181154 0.035217
51.030169 0.028997
51.066325 0.028557
51.104203 0.028857
51.161341 0.050654
51.173574 0.050877
52.029909 0.028677
52.065925 0.028837
52.097353 0.029137
52.162799 0.052500
52.172926 0.039144
53.030469 0.029337
53.067085 0.028657
53.112120 0.029277
53.151107 0.030683
53.182715 0.029017
54.030249 0.029497
54.077110 0.039003
54.100727 0.052474
54.159360 0.051054
54.171473 0.051197
55.030489 0.029217
55.067065 0.028977
55.098073 0.028917
55.160621 0.049170
55.172874 0.051237
56.029669 0.028837
56.076550 0.038843
56.122953 0.075240
56.133857 0.039701
56.169363 0.030443
57.029629 0.028877
57.068411 0.030424
57.103817 0.030854
57.164358 0.051175
57.176410 0.053323
58.030449 0.029257
58.066785 0.028917
58.097893 0.029037
58.157719 0.040807
58.182256 0.053434
59.029849 0.028737
59.086437 0.049070
59.096404 0.049171
59.159012 0.049250
59.170945 0.051017
60.029929 0.028857
60.086337 0.048810
60.098450 0.050857
60.146278 0.040470
60.174620 0.056819
61.030309 0.029017
61.067045 0.029137
61.112830 0.028797
61.154484 0.039023
61.175242 0.049735
62.030229 0.028937
62.066545 0.028517
62.105523 0.029017
62.151503 0.040989
62.171621 0.049235
63.030129 0.029017
63.086517 0.048870
63.098730 0.050897
63.158936 0.048670
63.169024 0.048751
64.030109 0.028997
64.066405 0.028817
64.105960 0.029137
64.153686 0.039043
64.173804 0.049115
65.029849 0.028797
65.065805 0.028857
65.102953 0.028877
65.166401 0.051395
65.178594 0.053743
66.030649 0.029537
66.077350 0.038763
66.101596 0.052863
66.141544 0.032289
66.172052 0.029357
67.030149 0.028857
67.066645 0.028637
67.098193 0.029017
67.141873 0.030514
67.176883 0.028597
68.030369 0.029297
68.087157 0.049030
68.099290 0.051317
68.146778 0.040810
68.175260 0.057199
69.029749 0.028877
69.066505 0.028917
69.152421 0.069788
69.163394 0.070816
69.173522 0.071018
70.030169 0.029037
70.066305 0.028877
70.098544 0.028757
70.185321 0.048950
70.197314 0.050757
71.030069 0.028737
71.066625 0.028957
71.098393 0.029017
71.167488 0.038918
71.194674 0.045928
72.029849 0.028997
72.086357 0.048890
72.096524 0.049151
72.160338 0.050934
72.172511 0.051037
73.030169 0.028997
73.076130 0.038403
73.100227 0.052634
73.148306 0.043036
73.172123 0.042758
74.030469 0.029357
74.077230 0.039003
74.097488 0.049155
74.144717 0.038703
74.165395 0.049215
75.030529 0.029417
75.077190 0.038763
75.122753 0.074300
75.133917 0.039741
75.164165 0.028997
76.029969 0.029017
76.086737 0.048630
76.098450 0.050437
76.158775 0.053086
76.170568 0.054934
77.030469 0.029377
77.092137 0.054469
77.102284 0.053665
77.164741 0.052771
77.174588 0.038584
78.029589 0.028737
78.075910 0.038683
78.124089 0.076816
78.157811 0.062429
78.169704 0.064377
79.029869 0.028817
79.067425 0.029237
79.097473 0.028917
79.165421 0.050995
79.177594 0.053303
80.030669 0.029317
80.076950 0.038643
80.123283 0.075010
80.147240 0.052604
80.177085 0.072543
81.030509 0.029217
81.076150 0.038523
81.122283 0.074810
81.158616 0.065041
81.168744 0.065202
82.029949 0.028597
82.066785 0.029297
82.098633 0.029217
82.141548 0.030603
82.186203 0.029077
83.029789 0.028997
83.086457 0.048770
83.096384 0.048531
83.138940 0.031183
83.168808 0.028757
84.030029 0.028837
84.067025 0.028897
84.098313 0.028737
84.141722 0.028857
84.175954 0.032822
85.029549 0.028797
85.085857 0.048850
85.095764 0.048811
85.153993 0.048730
85.165178 0.050009
86.030069 0.029177
86.088123 0.050576
86.100056 0.052203
86.163190 0.051615
86.173097 0.051337
87.029789 0.028777
87.066785 0.028837
87.109380 0.029357
87.162261 0.049230
87.172388 0.049071
88.030669 0.029397
88.066725 0.028797
88.098693 0.029137
88.155205 0.049194
88.165312 0.049316
89.029829 0.028977
89.076810 0.039143
89.112777 0.065084
89.143786 0.049790
89.167671 0.053043
90.029909 0.029057
90.076210 0.038823
90.102756 0.055283
90.152877 0.048930
90.162904 0.049051
91.029729 0.028897
91.065985 0.028537
91.097673 0.028737
91.158114 0.048890
91.168041 0.048691
92.030509 0.029497
92.067305 0.028837
92.098213 0.028777
92.149547 0.029077
92.182135 0.028897
93.029509 0.028597
93.075290 0.038503
93.121603 0.074990
93.156065 0.063029
93.166132 0.063231
94.029809 0.028777
94.068411 0.030184
94.150112 0.068782
94.160239 0.069004
94.170127 0.069006
95.030029 0.029157
95.075850 0.038743
95.122093 0.074820
95.133146 0.039770
95.179215 0.029097
96.029749 0.028897
96.066285 0.028917
96.100124 0.029077
96.166110 0.052560
96.176257 0.038824
97.030049 0.029237
97.086417 0.048870
97.096284 0.048851
97.148365 0.040928
97.172802 0.055079
98.030189 0.028957
98.087417 0.049150
98.097784 0.049431
98.159690 0.052700
98.171443 0.040390
99.029789 0.028977
99.076750 0.039263
99.096848 0.049295
99.146105 0.039318
99.166623 0.039280
100.030349 0.029257
100.066585 0.028797
100.106160 0.028557
100.163039 0.050775
100.175292 0.052783
101.030149 0.029037
101.066405 0.028877
101.106580 0.028977
101.139600 0.028777
101.169568 0.028617
102.030769 0.029557
102.066525 0.028817
102.118691 0.038998
102.140120 0.040251
102.181236 0.030943
103.029989 0.028917
103.075990 0.038663
103.100387 0.053114
103.133615 0.028937
103.164144 0.029197
104.030529 0.029497
104.067125 0.028717
104.102322 0.031094
104.145977 0.038763
104.167055 0.049655
105.030529 0.029357
105.066605 0.028577
105.101933 0.028997
105.157703 0.040627
105.184309 0.055263
106.030549 0.029277
106.067865 0.029017
106.104611 0.030683
106.143227 0.029037
106.173715 0.029297
107.030049 0.029057
107.078736 0.040269
107.104853 0.054834
107.147126 0.039063
107.167944 0.049755
108.029709 0.028817
108.076210 0.038663
108.100356 0.052823
108.138637 0.030943
108.177862 0.028877
109.030429 0.029177
109.087461 0.049154
109.099594 0.040790
109.159880 0.048850
109.171793 0.050937
110.030329 0.029177
110.067425 0.028837
110.098713 0.028977
110.150254 0.039223
110.170432 0.049335
111.029809 0.028877
111.068271 0.030364
111.125340 0.048510
111.156188 0.069392
111.166535 0.039044
112.029789 0.028757
112.066745 0.029117
112.097753 0.028877
112.145628 0.030883
112.177116 0.028957
113.030689 0.029377
113.077230 0.038623
113.100996 0.052423
113.139017 0.028637
113.170645 0.029197
114.029529 0.028677
114.075590 0.038703
114.099776 0.052943
114.137997 0.030523
114.168145 0.029017
115.029909 0.029137
115.066405 0.028917
115.129125 0.038503
115.155863 0.055275
115.196312 0.029097
116.029829 0.028877
116.065885 0.028477
116.097833 0.028757
116.143215 0.029524
116.175003 0.029517
117.030329 0.029037
117.066265 0.028937
117.097533 0.028857
117.164921 0.052602
117.175048 0.050817
118.029449 0.028597
118.065605 0.029037
118.098573 0.028957
118.140688 0.028677
118.183244 0.028937
119.030189 0.028937
119.066025 0.028637
119.100333 0.028917
119.149551 0.038680
119.172865 0.052008
120.029769 0.028697
120.065765 0.028717
120.104720 0.028857
120.139960 0.029257
120.170048 0.028897
121.029449 0.028557
121.065745 0.028777
121.097653 0.029057
121.154903 0.038883
121.179300 0.053134
122.030649 0.029557
122.077706 0.039098
122.102362 0.043338
122.137411 0.028937
122.167579 0.028977
123.030209 0.029137
123.086757 0.049170
123.098830 0.050937
123.138540 0.030744
123.170494 0.030703
124.030109 0.028817
124.066365 0.028977
124.099773 0.029197
124.165121 0.048830
124.175068 0.048891
125.030729 0.029397
125.076630 0.038743
125.103307 0.055494
125.136335 0.028757
125.167143 0.029317
126.030549 0.029377
126.066965 0.028917
126.099613 0.028677
126.155528 0.028657
126.195434 0.029137
127.029569 0.028657
127.066645 0.029277
127.099693 0.029257
127.170608 0.042869
127.197074 0.047407
128.029609 0.028697
128.075610 0.038623
128.099616 0.052763
128.147602 0.040648
128.170198 0.053298
129.030289 0.029037
129.066605 0.028617
129.097153 0.028497
129.164124 0.039849
129.188169 0.052923
130.029829 0.028997
130.086037 0.048830
130.095884 0.048691
130.136144 0.030714
130.171215 0.028857
131.030129 0.029137
131.066485 0.028757
131.116041 0.039098
131.150844 0.053564
131.174885 0.042902
132.029929 0.028857
132.066265 0.028497
132.098964 0.029437
132.152525 0.039023
132.179092 0.055703
133.030309 0.029137
133.067005 0.028617
133.098913 0.029537
133.166920 0.038683
133.193576 0.055394
134.030689 0.029417
134.086997 0.048550
134.097084 0.048571
134.140127 0.030584
134.179022 0.029337
135.029789 0.028857
135.087197 0.049250
135.099130 0.051237
135.159310 0.051294
135.171183 0.051097
136.029929 0.028797
136.076546 0.038998
136.100731 0.042927
136.150924 0.042894
136.177970 0.058309
137.030309 0.029177
137.076450 0.038463
137.101047 0.053174
137.147250 0.040580
137.171886 0.055250
138.030529 0.029397
138.066425 0.028957
138.102329 0.028921
138.170823 0.048930
138.181050 0.049011
139.029609 0.028677
139.077026 0.039238
139.133344 0.075080
139.143391 0.048770
139.171775 0.067228
140.029769 0.028877
140.066825 0.029237
140.098393 0.029337
140.154874 0.041088
140.179071 0.055059
141.029969 0.029077
141.076150 0.038703
141.100456 0.052803
141.135943 0.030484
141.171694 0.028537
142.030029 0.029057
142.066245 0.028717
142.106160 0.029057
142.139528 0.028697
142.169957 0.028797
143.029989 0.029137
143.065885 0.028997
143.100364 0.029337
143.182858 0.052580
143.194771 0.052543
144.029929 0.028997
144.066225 0.028797
144.100144 0.028837
144.149549 0.028817
144.182717 0.029317
145.030289 0.029077
145.086897 0.049030
145.096724 0.048971
145.144286 0.038983
145.172769 0.057581
146.029889 0.028957
146.066145 0.028857
146.097953 0.029037
146.161040 0.050794
146.173033 0.051017
147.030369 0.029077
147.066825 0.028697
147.107581 0.030823
147.151639 0.039267
147.176121 0.053704
148.030709 0.029357
148.067025 0.028797
148.130415 0.049230
148.150762 0.059551
148.171140 0.039554
149.030589 0.029577
149.087277 0.048770
149.099410 0.050957
149.157595 0.050747
149.167703 0.050968
