10.464369 0.078369
10.648369 0.082369
10.678369 0.082369
10.828369 0.082369
10.858369 0.082369
10.918369 0.112369
11.098369 0.082369
11.128369 0.082369
11.188369 0.112369
11.248369 0.142369
11.278369 0.142369
12.118369 0.082369
12.148369 0.082369
12.208369 0.112369
12.268369 0.142369
12.298369 0.142369
13.108369 0.082369
13.138369 0.082369
13.198369 0.112369
13.258369 0.142369
13.288369 0.142369
14.098369 0.082369
14.128369 0.082369
14.188369 0.112369
14.248369 0.142369
14.278369 0.142369
15.118369 0.082369
15.148369 0.082369
15.208369 0.112369
15.268369 0.142369
15.298369 0.142369
16.108369 0.082369
16.138369 0.082369
16.198369 0.112369
16.258369 0.142369
16.288369 0.142369
17.098369 0.082369
17.128369 0.082369
17.188369 0.112369
17.248369 0.142369
17.278369 0.142369
18.118369 0.082369
18.148369 0.082369
18.208369 0.112369
18.268369 0.142369
18.298369 0.142369
19.108369 0.082369
19.138369 0.082369
19.198369 0.112369
19.258369 0.142369
19.288369 0.142369
20.098369 0.082369
20.128369 0.082369
20.188369 0.112369
20.248369 0.142369
20.278369 0.142369
21.118369 0.082369
21.148369 0.082369
21.208369 0.112369
21.268369 0.142369
21.298369 0.142369
22.108369 0.082369
22.138369 0.082369
22.198369 0.112369
22.258369 0.142369
22.288369 0.142369
23.098369 0.082369
23.128369 0.082369
23.188369 0.112369
23.248369 0.142369
23.278369 0.142369
24.118369 0.082369
24.298369 0.082369
24.328369 0.082369
24.478369 0.082369
24.508369 0.082369
25.108369 0.082369
25.138369 0.082369
25.198369 0.112369
25.258369 0.142369
25.288369 0.142369
26.098369 0.082369
26.278369 0.082369
26.308369 0.082369
26.458369 0.082369
26.488369 0.082369
27.118369 0.082369
27.298369 0.082369
27.328369 0.082369
27.478369 0.082369
27.508369 0.082369
28.108369 0.082369
28.288369 0.082369
28.318369 0.082369
28.468369 0.082369
28.498369 0.082369
29.098369 0.082369
29.278369 0.082369
29.308369 0.082369
29.458369 0.082369
29.488369 0.082369
30.118369 0.082369
30.298369 0.082369
30.328369 0.082369
30.478369 0.082369
30.508369 0.082369
31.108369 0.082369
31.288369 0.082369
31.318369 0.082369
31.468369 0.082369
31.498369 0.082369
32.098369 0.082369
32.278369 0.082369
32.308369 0.082369
32.458369 0.082369
32.488369 0.082369
33.118369 0.082369
33.298369 0.082369
33.328369 0.082369
33.478369 0.082369
33.508369 0.082369
34.108369 0.082369
34.288369 0.082369
34.318369 0.082369
34.468369 0.082369
34.498369 0.082369
35.098369 0.082369
35.278369 0.082369
35.308369 0.082369
35.458369 0.082369
35.488369 0.082369
36.118369 0.082369
36.298369 0.082369
36.328369 0.082369
36.478369 0.082369
36.508369 0.082369
37.108369 0.082369
37.288369 0.082369
37.318369 0.082369
37.468369 0.082369
37.498369 0.082369
38.098369 0.082369
38.278369 0.082369
38.308369 0.082369
38.458369 0.082369
38.488369 0.082369
39.118369 0.082369
39.298369 0.082369
39.328369 0.082369
39.478369 0.082369
39.508369 0.082369
40.108369 0.082369
40.288369 0.082369
40.318369 0.082369
40.468369 0.082369
40.498369 0.082369
41.098369 0.082369
41.278369 0.082369
41.308369 0.082369
41.458369 0.082369
41.488369 0.082369
42.118369 0.082369
42.298369 0.082369
42.328369 0.082369
42.478369 0.082369
42.508369 0.082369
43.108369 0.082369
43.288369 0.082369
43.318369 0.082369
43.468369 0.082369
43.498369 0.082369
44.098369 0.082369
44.278369 0.082369
44.308369 0.082369
44.458369 0.082369
44.488369 0.082369
45.118369 0.082369
45.298369 0.082369
45.328369 0.082369
45.478369 0.082369
45.508369 0.082369
46.108369 0.082369
46.288369 0.082369
46.318369 0.082369
46.468369 0.082369
46.498369 0.082369
47.098369 0.082369
47.278369 0.082369
47.308369 0.082369
47.458369 0.082369
47.488369 0.082369
48.118369 0.082369
48.298369 0.082369
48.328369 0.082369
48.478369 0.082369
48.508369 0.082369
49.108369 0.082369
49.288369 0.082369
49.318369 0.082369
49.468369 0.082369
49.498369 0.082369
50.098369 0.082369
50.278369 0.082369
50.308369 0.082369
50.458369 0.082369
50.488369 0.082369
51.118369 0.082369
51.298369 0.082369
51.328369 0.082369
51.478369 0.082369
51.508369 0.082369
52.108369 0.082369
52.288369 0.082369
52.318369 0.082369
52.468369 0.082369
52.498369 0.082369
53.098369 0.082369
53.278369 0.082369
53.308369 0.082369
53.458369 0.082369
53.488369 0.082369
54.118369 0.082369
54.298369 0.082369
54.328369 0.082369
54.478369 0.082369
54.508369 0.082369
55.108369 0.082369
55.288369 0.082369
55.318369 0.082369
55.468369 0.082369
55.498369 0.082369
56.098369 0.082369
56.278369 0.082369
56.308369 0.082369
56.458369 0.082369
56.488369 0.082369
57.118369 0.082369
57.298369 0.082369
57.328369 0.082369
57.478369 0.082369
57.508369 0.082369
58.108369 0.082369
58.288369 0.082369
58.318369 0.082369
58.468369 0.082369
58.498369 0.082369
59.098369 0.082369
59.278369 0.082369
59.308369 0.082369
59.458369 0.082369
59.488369 0.082369
60.118369 0.082369
60.298369 0.082369
60.328369 0.082369
60.478369 0.082369
60.508369 0.082369
61.108369 0.082369
61.288369 0.082369
61.318369 0.082369
61.468369 0.082369
61.498369 0.082369
62.098369 0.082369
62.278369 0.082369
62.308369 0.082369
62.458369 0.082369
62.488369 0.082369
63.118369 0.082369
63.298369 0.082369
63.328369 0.082369
63.478369 0.082369
63.508369 0.082369
64.108369 0.082369
64.288369 0.082369
64.318369 0.082369
64.468369 0.082369
64.498369 0.082369
65.098369 0.082369
65.278369 0.082369
65.308369 0.082369
65.458369 0.082369
65.488369 0.082369
66.118369 0.082369
66.298369 0.082369
66.328369 0.082369
66.478369 0.082369
66.508369 0.082369
67.108369 0.082369
67.288369 0.082369
67.318369 0.082369
67.468369 0.082369
67.498369 0.082369
68.098369 0.082369
68.278369 0.082369
68.308369 0.082369
68.458369 0.082369
68.488369 0.082369
69.118369 0.082369
69.298369 0.082369
69.328369 0.082369
69.478369 0.082369
69.508369 0.082369
70.108369 0.082369
70.288369 0.082369
70.318369 0.082369
70.468369 0.082369
70.498369 0.082369
71.098369 0.082369
71.278369 0.082369
71.308369 0.082369
71.458369 0.082369
71.488369 0.082369
72.118369 0.082369
72.298369 0.082369
72.328369 0.082369
72.478369 0.082369
72.508369 0.082369
73.108369 0.082369
73.288369 0.082369
73.318369 0.082369
73.468369 0.082369
73.498369 0.082369
74.098369 0.082369
74.278369 0.082369
74.308369 0.082369
74.458369 0.082369
74.488369 0.082369
75.118369 0.082369
75.298369 0.082369
75.328369 0.082369
75.478369 0.082369
75.508369 0.082369
76.108369 0.082369
76.288369 0.082369
76.318369 0.082369
76.468369 0.082369
76.498369 0.082369
77.098369 0.082369
77.278369 0.082369
77.308369 0.082369
77.458369 0.082369
77.488369 0.082369
78.118369 0.082369
78.298369 0.082369
78.328369 0.082369
78.478369 0.082369
78.508369 0.082369
79.108369 0.082369
79.288369 0.082369
79.318369 0.082369
79.468369 0.082369
79.498369 0.082369
80.098369 0.082369
80.278369 0.082369
80.308369 0.082369
80.458369 0.082369
80.488369 0.082369
81.118369 0.082369
81.298369 0.082369
81.328369 0.082369
81.478369 0.082369
81.508369 0.082369
82.108369 0.082369
82.288369 0.082369
82.318369 0.082369
82.468369 0.082369
82.498369 0.082369
83.098369 0.082369
83.278369 0.082369
83.308369 0.082369
83.458369 0.082369
83.488369 0.082369
84.118369 0.082369
84.298369 0.082369
84.328369 0.082369
84.478369 0.082369
84.508369 0.082369
85.108369 0.082369
85.288369 0.082369
85.318369 0.082369
85.468369 0.082369
85.498369 0.082369
86.098369 0.082369
86.278369 0.082369
86.308369 0.082369
86.458369 0.082369
86.488369 0.082369
87.118369 0.082369
87.298369 0.082369
87.328369 0.082369
87.478369 0.082369
87.508369 0.082369
88.108369 0.082369
88.288369 0.082369
88.318369 0.082369
88.468369 0.082369
88.498369 0.082369
89.098369 0.082369
89.278369 0.082369
89.308369 0.082369
89.458369 0.082369
89.488369 0.082369
90.118369 0.082369
90.298369 0.082369
90.328369 0.082369
90.478369 0.082369
90.508369 0.082369
91.108369 0.082369
91.288369 0.082369
91.318369 0.082369
91.468369 0.082369
91.498369 0.082369
92.098369 0.082369
92.278369 0.082369
92.308369 0.082369
92.458369 0.082369
92.488369 0.082369
93.118369 0.082369
93.298369 0.082369
93.328369 0.082369
93.478369 0.082369
93.508369 0.082369
94.108369 0.082369
94.288369 0.082369
94.318369 0.082369
94.468369 0.082369
94.498369 0.082369
95.098369 0.082369
95.278369 0.082369
95.308369 0.082369
95.458369 0.082369
95.488369 0.082369
96.118369 0.082369
96.298369 0.082369
96.328369 0.082369
96.478369 0.082369
96.508369 0.082369
97.108369 0.082369
97.288369 0.082369
97.318369 0.082369
97.468369 0.082369
97.498369 0.082369
98.098369 0.082369
98.278369 0.082369
98.308369 0.082369
98.458369 0.082369
98.488369 0.082369
99.118369 0.082369
99.298369 0.082369
99.328369 0.082369
99.478369 0.082369
99.508369 0.082369
100.108369 0.082369
100.288369 0.082369
100.318369 0.082369
100.468369 0.082369
100.498369 0.082369
101.098369 0.082369
101.278369 0.082369
101.308369 0.082369
101.458369 0.082369
101.488369 0.082369
102.118369 0.082369
102.298369 0.082369
102.328369 0.082369
102.478369 0.082369
102.508369 0.082369
103.108369 0.082369
103.288369 0.082369
103.318369 0.082369
103.468369 0.082369
103.498369 0.082369
104.098369 0.082369
104.278369 0.082369
104.308369 0.082369
104.458369 0.082369
104.488369 0.082369
105.118369 0.082369
105.298369 0.082369
105.328369 0.082369
105.478369 0.082369
105.508369 0.082369
106.108369 0.082369
106.288369 0.082369
106.318369 0.082369
106.468369 0.082369
106.498369 0.082369
107.098369 0.082369
107.278369 0.082369
107.308369 0.082369
107.458369 0.082369
107.488369 0.082369
108.118369 0.082369
108.298369 0.082369
108.328369 0.082369
108.478369 0.082369
108.508369 0.082369
109.108369 0.082369
109.288369 0.082369
109.318369 0.082369
109.468369 0.082369
109.498369 0.082369
110.098369 0.082369
110.278369 0.082369
110.308369 0.082369
110.458369 0.082369
110.488369 0.082369
111.118369 0.082369
111.298369 0.082369
111.328369 0.082369
111.478369 0.082369
111.508369 0.082369
112.108369 0.082369
112.288369 0.082369
112.318369 0.082369
112.468369 0.082369
112.498369 0.082369
113.098369 0.082369
113.278369 0.082369
113.308369 0.082369
113.458369 0.082369
113.488369 0.082369
114.118369 0.082369
114.298369 0.082369
114.328369 0.082369
114.478369 0.082369
114.508369 0.082369
115.108369 0.082369
115.288369 0.082369
115.318369 0.082369
115.468369 0.082369
115.498369 0.082369
116.098369 0.082369
116.278369 0.082369
116.308369 0.082369
116.458369 0.082369
116.488369 0.082369
117.118369 0.082369
117.298369 0.082369
117.328369 0.082369
117.478369 0.082369
117.508369 0.082369
118.108369 0.082369
118.288369 0.082369
118.318369 0.082369
118.468369 0.082369
118.498369 0.082369
119.098369 0.082369
119.278369 0.082369
119.308369 0.082369
119.458369 0.082369
119.488369 0.082369
120.118369 0.082369
120.298369 0.082369
120.328369 0.082369
120.478369 0.082369
120.508369 0.082369
121.108369 0.082369
121.288369 0.082369
121.318369 0.082369
121.468369 0.082369
121.498369 0.082369
122.098369 0.082369
122.278369 0.082369
122.308369 0.082369
122.458369 0.082369
122.488369 0.082369
123.118369 0.082369
123.298369 0.082369
123.328369 0.082369
123.478369 0.082369
123.508369 0.082369
124.108369 0.082369
124.288369 0.082369
124.318369 0.082369
124.468369 0.082369
124.498369 0.082369
125.098369 0.082369
125.278369 0.082369
125.308369 0.082369
125.458369 0.082369
125.488369 0.082369
126.118369 0.082369
126.298369 0.082369
126.328369 0.082369
126.478369 0.082369
126.508369 0.082369
127.108369 0.082369
127.288369 0.082369
127.318369 0.082369
127.468369 0.082369
127.498369 0.082369
128.098369 0.082369
128.278369 0.082369
128.308369 0.082369
128.458369 0.082369
128.488369 0.082369
129.118369 0.082369
129.298369 0.082369
129.328369 0.082369
129.478369 0.082369
129.508369 0.082369
130.108369 0.082369
130.288369 0.082369
130.318369 0.082369
130.468369 0.082369
130.498369 0.082369
131.098369 0.082369
131.278369 0.082369
131.308369 0.082369
131.458369 0.082369
131.488369 0.082369
132.118369 0.082369
132.298369 0.082369
132.328369 0.082369
132.478369 0.082369
132.508369 0.082369
133.108369 0.082369
133.288369 0.082369
133.318369 0.082369
133.468369 0.082369
133.498369 0.082369
134.098369 0.082369
134.278369 0.082369
134.308369 0.082369
134.458369 0.082369
134.488369 0.082369
135.118369 0.082369
135.298369 0.082369
135.328369 0.082369
135.478369 0.082369
135.508369 0.082369
136.108369 0.082369
136.288369 0.082369
136.318369 0.082369
136.468369 0.082369
136.498369 0.082369
137.098369 0.082369
137.278369 0.082369
137.308369 0.082369
137.458369 0.082369
137.488369 0.082369
138.118369 0.082369
138.298369 0.082369
138.328369 0.082369
138.478369 0.082369
138.508369 0.082369
139.108369 0.082369
139.288369 0.082369
139.318369 0.082369
139.468369 0.082369
139.498369 0.082369
140.098369 0.082369
140.278369 0.082369
140.308369 0.082369
140.458369 0.082369
140.488369 0.082369
141.118369 0.082369
141.298369 0.082369
141.328369 0.082369
141.478369 0.082369
141.508369 0.082369
142.108369 0.082369
142.288369 0.082369
142.318369 0.082369
142.468369 0.082369
142.498369 0.082369
143.098369 0.082369
143.278369 0.082369
143.308369 0.082369
143.458369 0.082369
143.488369 0.082369
144.118369 0.082369
144.298369 0.082369
144.328369 0.082369
144.478369 0.082369
144.508369 0.082369
145.108369 0.082369
145.288369 0.082369
145.318369 0.082369
145.468369 0.082369
145.498369 0.082369
146.098369 0.082369
146.278369 0.082369
146.308369 0.082369
146.458369 0.082369
146.488369 0.082369
147.118369 0.082369
147.298369 0.082369
147.328369 0.082369
147.478369 0.082369
147.508369 0.082369
148.108369 0.082369
148.288369 0.082369
148.318369 0.082369
148.468369 0.082369
148.498369 0.082369
149.098369 0.082369
149.278369 0.082369
149.308369 0.082369
149.458369 0.082369
149.488369 0.082369
